0.00000 0.00000
0.00873 -1576506555.00000
0.01745 -1649443340.00000
0.02618 -800770446.00000
0.03491 1478535498.00000
0.04363 1752847473.00000
0.05236 -1072651621.00000
0.06109 -632593577.00000
0.06981 -13388563.00000
0.07854 459435231.00000
0.08727 605735063.00000
0.09599 1420156765.00000
0.10472 -1126933891.00000
0.11345 1017514336.00000
0.12217 2146545086.00000
0.13090 2097580095.00000
0.13963 1891285363.00000
0.14835 -1782826636.00000
0.15708 -1007763863.00000
0.16581 -1371016110.00000
0.17453 -526060949.00000
0.18326 -1113576819.00000
0.19199 2087184353.00000
0.20071 647328941.00000
0.20944 -1778056834.00000
0.21817 1924033161.00000
0.22689 813628124.00000
0.23562 221532132.00000
0.24435 238584468.00000
0.25307 2134892403.00000
0.26180 -1238123869.00000
0.27053 -741627239.00000
0.27925 -546168400.00000
0.28798 -1088765732.00000
0.29671 909517167.00000
0.30543 -458820749.00000
0.31416 1169723740.00000
0.32289 -1357435946.00000
0.33161 1338618502.00000
0.34034 791519428.00000
0.34907 737466189.00000
0.35779 -81416592.00000
0.36652 656240194.00000
0.37525 244669646.00000
0.38397 -475360096.00000
0.39270 -1427580816.00000
0.40143 978885386.00000
0.41015 948991303.00000
0.41888 466241093.00000
0.42761 687619271.00000
0.43633 1928727338.00000
0.44506 -645756404.00000
0.45379 143528059.00000
0.46251 2001849136.00000
0.47124 1736728335.00000
0.47997 -460315141.00000
0.48869 -1026598968.00000
0.49742 -1630637066.00000
0.50615 1850384824.00000
0.51487 -746887574.00000
0.52360 2004110344.00000
0.53233 -1250897732.00000
0.54105 -887050403.00000
0.54978 -664822311.00000
0.55851 -554599561.00000
0.56723 -1035787078.00000
0.57596 1194337210.00000
0.58469 332232009.00000
0.59341 -1355178858.00000
0.60214 -2123218867.00000
0.61087 -751858300.00000
0.61959 -842686976.00000
0.62832 2064392394.00000
0.63705 -984840953.00000
0.64577 2000087156.00000
0.65450 1004407753.00000
0.66323 -1631940432.00000
0.67195 196462006.00000
0.68068 -818133522.00000
0.68941 374911653.00000
0.69813 -287912277.00000
0.70686 1198474065.00000
0.71558 -268675025.00000
0.72431 -1716000964.00000
0.73304 -679290990.00000
0.74176 506882450.00000
0.75049 -989880416.00000
0.75922 96800514.00000
0.76794 -40409957.00000
0.77667 -1389565588.00000
0.78540 -110603576.00000
0.79412 -1410651650.00000
0.80285 1941182239.00000
0.81158 -439789030.00000
0.82030 2112863456.00000
0.82903 -1620162328.00000
0.83776 -1780545234.00000
0.84648 -1777524378.00000
0.85521 -1092583002.00000
0.86394 441941171.00000
0.87266 -1634826818.00000
0.88139 785799341.00000
0.89012 -1663512980.00000
0.89884 -1446208351.00000
0.90757 129515050.00000
0.91630 1522810697.00000
0.92502 983377385.00000
0.93375 870656933.00000
0.94248 -910820317.00000
0.95120 1999808335.00000
0.95993 -1322650807.00000
0.96866 -406243711.00000
0.97738 -2006983114.00000
0.98611 -13385292.00000
0.99484 -1184473606.00000
1.00356 652939509.00000
1.01229 -1131518348.00000
1.02102 -166820928.00000
1.02974 1480898907.00000
1.03847 1935686787.00000
1.04720 -449706932.00000
1.05592 1535754099.00000
1.06465 -1767648805.00000
1.07338 1806188911.00000
1.08210 -952470756.00000
1.09083 -1340501733.00000
1.09956 1238461423.00000
1.10828 -679764097.00000
1.11701 -1097810606.00000
1.12574 -1983302586.00000
1.13446 -334650050.00000
1.14319 -1015657725.00000
1.15192 475599363.00000
1.16064 879096554.00000
1.16937 2110855397.00000
1.17810 -1567993313.00000
1.18682 -2021573041.00000
1.19555 1341498477.00000
1.20428 1624460638.00000
1.21300 1679341108.00000
1.22173 1279779034.00000
1.23046 1474330169.00000
1.23918 350396642.00000
1.24791 1683561201.00000
1.25664 2112527755.00000
1.26536 -210721939.00000
1.27409 -1265425478.00000
1.28282 308804791.00000
1.29154 -1022035590.00000
1.30027 -445429672.00000
1.30900 78850649.00000
1.31772 469669669.00000
1.32645 -1709604097.00000
1.33518 1694394226.00000
1.34390 -579493471.00000
1.35263 -492426205.00000
1.36136 -711054128.00000
1.37008 -1663974938.00000
1.37881 -1483838250.00000
1.38754 -245273592.00000
1.39626 91179122.00000
1.40499 29019924.00000
1.41372 -1705401708.00000
1.42244 479495378.00000
1.43117 1911647572.00000
1.43990 589657475.00000
1.44862 1525455266.00000
1.45735 -389725568.00000
1.46608 1133347432.00000
1.47480 -1946163568.00000
1.48353 -1894927001.00000
1.49226 -938186135.00000
1.50098 1659648109.00000
1.50971 1036866896.00000
1.51844 -703359267.00000
1.52716 1697845752.00000
1.53589 653050371.00000
1.54462 -1987355439.00000
1.55334 1838845919.00000
1.56207 660792404.00000
1.57080 2146630352.00000
1.57952 -1246659745.00000
1.58825 2087918825.00000
1.59698 -49271683.00000
1.60570 -730527634.00000
1.61443 304680833.00000
1.62316 910660349.00000
1.63188 786853550.00000
1.64061 1424358749.00000
1.64934 -800295395.00000
1.65806 372899794.00000
1.66679 2073215069.00000
1.67552 -1342129059.00000
1.68424 102663738.00000
1.69297 1700804566.00000
1.70170 983173942.00000
1.71042 1730038538.00000
1.71915 1557755935.00000
1.72788 1155279655.00000
1.73660 476915857.00000
1.74533 2100093446.00000
1.75406 899094322.00000
1.76278 94470559.00000
1.77151 1214000099.00000
1.78024 -1258935397.00000
1.78896 -1797245520.00000
1.79769 1970835934.00000
1.80642 1118154344.00000
1.81514 839112506.00000
1.82387 -1233996999.00000
1.83260 -1485846471.00000
1.84132 717191689.00000
1.85005 1848068544.00000
1.85878 -1142389333.00000
1.86750 -299898267.00000
1.87623 -931324137.00000
1.88496 655886391.00000
1.89368 782443405.00000
1.90241 2112943613.00000
1.91114 -1335835900.00000
1.91986 31842910.00000
1.92859 1425725337.00000
1.93732 -245995573.00000
1.94604 -525872691.00000
1.95477 181117799.00000
1.96350 1383582148.00000
1.97222 -1303027274.00000
1.98095 1518220276.00000
1.98968 -833408226.00000
1.99840 44087431.00000
2.00713 2080679547.00000
2.01586 1837760159.00000
2.02458 -680729034.00000
2.03331 -1510376216.00000
2.04204 -797484862.00000
2.05076 2014505257.00000
2.05949 112555456.00000
2.06822 1304159161.00000
2.07694 -1535384045.00000
2.08567 109492886.00000
2.09440 832051445.00000
2.10312 -1021345460.00000
2.11185 1431414100.00000
2.12058 -1683014544.00000
2.12930 2129538674.00000
2.13803 942777377.00000
2.14675 1803368576.00000
2.15548 1095711251.00000
2.16421 2135796050.00000
2.17293 -1611568790.00000
2.18166 -384111861.00000
2.19039 -2122615116.00000
2.19911 -2067913362.00000
2.20784 375098697.00000
2.21657 1929587019.00000
2.22529 8754612.00000
2.23402 1546311506.00000
2.24275 1734349493.00000
2.25147 1386763221.00000
2.26020 -1497607394.00000
2.26893 1271234855.00000
2.27765 -1902047583.00000
2.28638 605562109.00000
2.29511 704320097.00000
2.30383 638438772.00000
2.31256 45410327.00000
2.32129 156421811.00000
2.33001 -632944389.00000
2.33874 1652169890.00000
2.34747 -830623422.00000
2.35619 2064753749.00000
2.36492 -484056365.00000
2.37365 -1959128220.00000
2.38237 -734867063.00000
2.39110 -1647010004.00000
2.39983 -1994900709.00000
2.40855 -461581942.00000
2.41728 -216102586.00000
2.42601 -1558278178.00000
2.43473 1050144558.00000
2.44346 388364302.00000
2.45219 1477015706.00000
2.46091 -1783640823.00000
2.46964 1448104551.00000
2.47837 313405723.00000
2.48709 -2117862494.00000
2.49582 677285833.00000
2.50455 -1140741199.00000
2.51327 615562806.00000
2.52200 440661709.00000
2.53073 932409701.00000
2.53945 1827202102.00000
2.54818 -1766716068.00000
2.55691 243680968.00000
2.56563 232570169.00000
2.57436 571703750.00000
2.58309 122084066.00000
2.59181 1517586929.00000
2.60054 -710401083.00000
2.60927 -339171324.00000
2.61799 1827503232.00000
2.62672 736949869.00000
2.63545 -1530861050.00000
2.64417 -1554394143.00000
2.65290 1966782702.00000
2.66163 -318437504.00000
2.67035 174733004.00000
2.67908 -1840674498.00000
2.68781 238774323.00000
2.69653 480699864.00000
2.70526 -1082791777.00000
2.71399 -1456970799.00000
2.72271 -2012864386.00000
2.73144 1328407361.00000
2.74017 2101359136.00000
2.74889 1617142761.00000
2.75762 1465940355.00000
2.76635 261180748.00000
2.77507 -1083775750.00000
2.78380 1564322643.00000
2.79253 -767293293.00000
2.80125 691125727.00000
2.80998 -1198419503.00000
2.81871 1214252132.00000
2.82743 851666921.00000
2.83616 2141431047.00000
2.84489 -85321474.00000
2.85361 1161062775.00000
2.86234 -557328722.00000
2.87107 747996923.00000
2.87979 1998813626.00000
2.88852 -483309839.00000
2.89725 1676904891.00000
2.90597 -1497051742.00000
2.91470 -131132801.00000
2.92343 573928325.00000
2.93215 1137325624.00000
2.94088 1120202892.00000
2.94961 -583286393.00000
2.95833 570177003.00000
2.96706 -1218513968.00000
2.97579 -1999383236.00000
2.98451 586064312.00000
2.99324 31790098.00000
3.00197 -760141216.00000
3.01069 1311708992.00000
3.01942 968727610.00000
3.02815 -249347362.00000
3.03687 1751538193.00000
3.04560 157917354.00000
3.05433 416978088.00000
3.06305 282087973.00000
3.07178 -1929220625.00000
3.08051 -452556045.00000
3.08923 638649767.00000
3.09796 -1319312653.00000
3.10669 -883695463.00000
3.11541 -62655126.00000
3.12414 -1656313978.00000
3.13287 425656458.00000
3.14159 1509606205.00000
3.15032 -1775435190.00000
3.15905 -1313197062.00000
3.16777 11869676.00000
3.17650 -1938366798.00000
3.18523 1659781310.00000
3.19395 -496812251.00000
3.20268 7699280.00000
3.21141 -1961378342.00000
3.22013 824410728.00000
3.22886 1419547038.00000
3.23759 1994314547.00000
3.24631 574999319.00000
3.25504 -1399069319.00000
3.26377 -1203175110.00000
3.27249 -1374334490.00000
3.28122 786702934.00000
3.28995 2093827541.00000
3.29867 -620757041.00000
3.30740 -471933940.00000
3.31613 -725000694.00000
3.32485 -821127897.00000
3.33358 227181870.00000
3.34231 242741170.00000
3.35103 -1324851197.00000
3.35976 1180526540.00000
3.36849 -1786267222.00000
3.37721 -767869459.00000
3.38594 -2047715742.00000
3.39467 1799766570.00000
3.40339 1990056534.00000
3.41212 -640498029.00000
3.42085 -878495950.00000
3.42957 991204245.00000
3.43830 1681371049.00000
3.44703 -578483453.00000
3.45575 -1989816028.00000
3.46448 1817649315.00000
3.47321 1748286217.00000
3.48193 -1162842985.00000
3.49066 1689520533.00000
3.49939 -2033972059.00000
3.50811 1948994734.00000
3.51684 1028057101.00000
3.52557 -537355129.00000
3.53429 -213514845.00000
3.54302 1826660593.00000
3.55175 -1342468020.00000
3.56047 1056403827.00000
3.56920 1900048489.00000
3.57792 -1696022017.00000
3.58665 442420092.00000
3.59538 1862925779.00000
3.60410 1746041607.00000
3.61283 2030792226.00000
3.62156 -837619995.00000
3.63028 188051219.00000
3.63901 1388397648.00000
3.64774 -1028903879.00000
3.65646 -1691406582.00000
3.66519 1475578750.00000
3.67392 -1187857547.00000
3.68264 -1171465973.00000
3.69137 1918699395.00000
3.70010 -556063932.00000
3.70882 1219654797.00000
3.71755 558598253.00000
3.72628 -1569175529.00000
3.73500 1797763263.00000
3.74373 651650008.00000
3.75246 293964539.00000
3.76118 1740062279.00000
3.76991 -1046046026.00000
3.77864 1488899004.00000
3.78736 916520514.00000
3.79609 1292072712.00000
3.80482 -341338669.00000
3.81354 -1237526952.00000
3.82227 -1934587359.00000
3.83100 -1383725235.00000
3.83972 1031992573.00000
3.84845 1344244114.00000
3.85718 -1109186465.00000
3.86590 -921579691.00000
3.87463 -1857057275.00000
3.88336 1461782676.00000
3.89208 -1871540598.00000
3.90081 -1625010287.00000
3.90954 -57159243.00000
3.91826 -566959319.00000
3.92699 -1925263315.00000
3.93572 -10330139.00000
3.94444 924263442.00000
3.95317 -343418914.00000
3.96190 -511468602.00000
3.97062 -234553855.00000
3.97935 1500223020.00000
3.98808 350574620.00000
3.99680 1280592034.00000
4.00553 155216444.00000
4.01426 1741786605.00000
4.02298 -1920501974.00000
4.03171 1127488403.00000
4.04044 -1914149945.00000
4.04916 1216973200.00000
4.05789 -1640682598.00000
4.06662 -110937831.00000
4.07534 511293748.00000
4.08407 643468366.00000
4.09280 1413939364.00000
4.10152 -1030999654.00000
4.11025 -511093232.00000
4.11898 -993625095.00000
4.12770 972994768.00000
4.13643 -1506510308.00000
4.14516 -1524541827.00000
4.15388 1737777741.00000
4.16261 -845518057.00000
4.17134 966421388.00000
4.18006 434485844.00000
4.18879 647405709.00000
4.19752 1375258175.00000
4.20624 1780276564.00000
4.21497 1789109975.00000
4.22370 2117823140.00000
4.23242 -1346524627.00000
4.24115 1263577406.00000
4.24988 -261567764.00000
4.25860 1442837140.00000
4.26733 -1026258459.00000
4.27606 1006480829.00000
4.28478 -650431513.00000
4.29351 -1813250255.00000
4.30224 -281716115.00000
4.31096 -1076626162.00000
4.31969 -688581631.00000
4.32842 -1678975142.00000
4.33714 -374225829.00000
4.34587 -1012548806.00000
4.35460 -408552850.00000
4.36332 -143012870.00000
4.37205 284063925.00000
4.38078 426075368.00000
4.38950 1480358183.00000
4.39823 -1166808930.00000
4.40696 -957382598.00000
4.41568 -617632970.00000
4.42441 1867514586.00000
4.43314 -323914550.00000
4.44186 -1421968049.00000
4.45059 1161161880.00000
4.45932 -1795810359.00000
4.46804 1911662920.00000
4.47677 632242338.00000
4.48550 -1845223021.00000
4.49422 34900100.00000
4.50295 -1609719009.00000
4.51168 -1979578346.00000
4.52040 -2133638549.00000
4.52913 748712358.00000
4.53786 -221602577.00000
4.54658 1514303969.00000
4.55531 -75502809.00000
4.56404 -96869785.00000
4.57276 129032393.00000
4.58149 -316376541.00000
4.59022 -1630270448.00000
4.59894 -658930235.00000
4.60767 1191030678.00000
4.61640 1022876409.00000
4.62512 -54853907.00000
4.63385 1043291861.00000
4.64258 -33176092.00000
4.65130 -816854754.00000
4.66003 1258587289.00000
4.66876 -2072873513.00000
4.67748 1358410734.00000
4.68621 -1700030259.00000
4.69494 1037956243.00000
4.70366 -16539568.00000
4.71239 1655165715.00000
4.72112 1957749363.00000
4.72984 -1361502635.00000
4.73857 -1876550605.00000
4.74730 -2013799093.00000
4.75602 -278607689.00000
4.76475 -2069024792.00000
4.77348 -1406382740.00000
4.78220 -1145769062.00000
4.79093 794693223.00000
4.79966 2120990481.00000
4.80838 119287309.00000
4.81711 -1895622615.00000
4.82584 1306763374.00000
4.83456 2040567303.00000
4.84329 1251600812.00000
4.85202 1889637641.00000
4.86074 -241584014.00000
4.86947 1808264776.00000
4.87820 -1225433951.00000
4.88692 -527544103.00000
4.89565 -2145557405.00000
4.90438 1655924451.00000
4.91310 -1928563416.00000
4.92183 -1786148348.00000
4.93056 1482825666.00000
4.93928 163619547.00000
4.94801 1436030929.00000
4.95674 -807638040.00000
4.96546 -807554567.00000
4.97419 695689051.00000
4.98292 -1615746087.00000
4.99164 417887622.00000
5.00037 -1311381002.00000
5.00909 -75638364.00000
5.01782 -512732376.00000
5.02655 -2107254454.00000
5.03527 2025754759.00000
5.04400 1115512866.00000
5.05273 68840049.00000
5.06145 -1960621576.00000
5.07018 651847126.00000
5.07891 -766892446.00000
5.08763 1802482844.00000
5.09636 944790962.00000
5.10509 1477515290.00000
5.11381 1010878742.00000
5.12254 -1132978672.00000
5.13127 23767436.00000
5.13999 -810451797.00000
5.14872 617129580.00000
5.15745 434635826.00000
5.16617 28307923.00000
5.17490 -1223576629.00000
5.18363 359106854.00000
5.19235 -1823047297.00000
5.20108 -70153722.00000
5.20981 1114003466.00000
5.21853 1910402237.00000
5.22726 -1238592972.00000
5.23599 -2070546908.00000
5.24471 -419350127.00000
5.25344 -492692302.00000
5.26217 -749867635.00000
5.27089 1555133900.00000
5.27962 -863535321.00000
5.28835 668972466.00000
5.29707 1471068444.00000
5.30580 -1136996589.00000
5.31453 175497571.00000
5.32325 1089828155.00000
5.33198 -895486454.00000
5.34071 -240477207.00000
5.34943 1014259304.00000
5.35816 -40743754.00000
5.36689 -1340766146.00000
5.37561 -1903129687.00000
5.38434 -667179436.00000
5.39307 -465912346.00000
5.40179 1267253174.00000
5.41052 688728797.00000
5.41925 834766054.00000
5.42797 1271277743.00000
5.43670 1034931863.00000
5.44543 2001107229.00000
5.45415 -489245748.00000
5.46288 -1338882642.00000
5.47161 212328904.00000
5.48033 -1114780851.00000
5.48906 -1787480949.00000
5.49779 -1095357876.00000
5.50651 -658993816.00000
5.51524 -400035026.00000
5.52397 488103573.00000
5.53269 1962738664.00000
5.54142 -2105518529.00000
5.55015 1007784182.00000
5.55887 -816683097.00000
5.56760 2140831297.00000
5.57633 -660979503.00000
5.58505 -1423634412.00000
5.59378 364943652.00000
5.60251 659757807.00000
5.61123 1480637284.00000
5.61996 1397854670.00000
5.62869 -1446508441.00000
5.63741 473068991.00000
5.64614 -274470939.00000
5.65487 -552036313.00000
5.66359 -2104300485.00000
5.67232 -1716588550.00000
5.68105 -2057580839.00000
5.68977 -1070428002.00000
5.69850 -1277200234.00000
5.70723 -1990374137.00000
5.71595 1677470598.00000
5.72468 -969566660.00000
5.73341 -1134462339.00000
5.74213 -1190844102.00000
5.75086 294024230.00000
5.75959 224088237.00000
5.76831 2102528999.00000
5.77704 -734062666.00000
5.78577 -1103960102.00000
5.79449 927644454.00000
5.80322 657493085.00000
5.81195 348944816.00000
5.82067 1828147891.00000
5.82940 -1803074527.00000
5.83813 -1108653589.00000
5.84685 1266305826.00000
5.85558 655990286.00000
5.86431 332136441.00000
5.87303 1047344141.00000
5.88176 554104210.00000
5.89049 -621173213.00000
5.89921 -1183544322.00000
5.90794 870722506.00000
5.91667 1359945678.00000
5.92539 994474239.00000
5.93412 -1798821970.00000
5.94285 -231229089.00000
5.95157 1404269557.00000
5.96030 1963056921.00000
5.96903 -280824870.00000
5.97775 -1592237573.00000
5.98648 893256855.00000
5.99521 -1404313343.00000
6.00393 1400795265.00000
6.01266 260096428.00000
6.02139 -426626820.00000
6.03011 -1173337056.00000
6.03884 610338867.00000
6.04757 1969543676.00000
6.05629 -856846607.00000
6.06502 1478970248.00000
6.07375 2025506605.00000
6.08247 2113527403.00000
6.09120 -2143962905.00000
6.09993 1141145735.00000
6.10865 -177839484.00000
6.11738 415825369.00000
6.12611 1445386794.00000
6.13483 -1970315213.00000
6.14356 -500908464.00000
6.15229 1260403772.00000
6.16101 1772212130.00000
6.16974 2010126448.00000
6.17847 2093926343.00000
6.18719 -1623147777.00000
6.19592 402809456.00000
6.20465 609680078.00000
6.21337 1802307085.00000
6.22210 -1527924945.00000
6.23083 -2006011839.00000
6.23955 1154799718.00000
6.24828 1523016888.00000
6.25701 -1504523636.00000
6.26573 1672965597.00000
6.27446 323204121.00000
6.28319 641975876.00000
